StoneIceBoulder2,6230,6239,3771,3780
IceThorn1,6181,6197,3766,3787
P_WitchDungeon,6312,6346,3766,3783
StoneIceBoulder1,6297,6307,3718,3728
StoneIceBoulder2,6363,6372,3786,3795
P_Tent,6374,6383,3720,3729
P_Tent,6398,6407,3756,3765
StoneMazePath,6410,6412,3822,3824
StoneMazePath,6407,6409,3822,3824
StoneMazePath,6404,6406,3822,3824
StoneMazePath,6407,6409,3819,3821
StoneMazeFountain,6410,6418,3801,3809
StoneMazePath,6419,6421,3804,3806
StoneMazeSpiderRoom,6419,6424,3807,3812
StoneMazePath,6422,6424,3804,3806
StoneMazeEndChest,6419,6421,3801,3803
StoneMazePath,6413,6415,3810,3812
StoneMazeEndChest,6416,6418,3810,3812
StoneMazePath,6410,6412,3810,3812
StoneMazePath,6410,6412,3819,3821
StoneMazePath,6410,6412,3813,3815
StoneMazePath,6410,6412,3816,3818
StoneMazePath,6413,6415,3816,3818
StoneMazePath,6407,6409,3813,3815
StoneMazePath,6413,6415,3819,3821
StoneMazePath,6407,6409,3816,3818
StoneMazePath,6404,6406,3816,3818
StoneMazePath,6401,6403,3816,3818
StoneMazePath,6401,6403,3819,3821
StoneMazePath,6416,6418,3819,3821
StoneMazeEndChest,6416,6418,3822,3824
StoneMazePath,6404,6406,3813,3815
StoneMazePath,6401,6403,3813,3815
StoneMazePath,6419,6421,3819,3821
StoneMazePath,6422,6424,3819,3821
StoneMazePath,6419,6421,3816,3818
StoneMazePath,6419,6421,3822,3824
StoneMazePath,6422,6424,3822,3824
StoneMazePath,6422,6424,3816,3818
StoneMazeEndChest,6419,6421,3813,3815
StoneMazeEndChest,6416,6418,3816,3818
StoneMazeSmall,6401,6424,3801,3824
StoneIceBoulder,6246,6255,3963,3973
StoneIceBoulder1,6388,6398,3946,3956
