StoneLeafMound,10132,10141,2365,2372
StoneLeafMound,10207,10216,2439,2446
SmallWoodenCottage2,10228,10236,2449,2457
RLCraft_DecentZombie,10189,10189,2482,2482
RLCraft_UndergroundRuin3,10183,10191,2477,2485
StoneMazePathBig,10129,10137,2450,2458
StoneMazeFountain,10129,10137,2441,2449
StoneMazePathBig,10138,10146,2441,2449
StoneMazePath,10141,10143,2450,2452
StoneMazePath,10138,10140,2453,2455
StoneMazePath,10141,10143,2453,2455
StoneMazePath,10126,10128,2453,2455
StoneMazeEndChest,10144,10146,2453,2455
StoneMazePath,10132,10134,2438,2440
StoneMazePath,10123,10125,2453,2455
StoneMazePath,10141,10143,2456,2458
StoneMazePath,10135,10137,2435,2437
StoneMazePath,10126,10128,2456,2458
StoneMazePath,10132,10134,2435,2437
StoneMazePath,10144,10146,2456,2458
StoneMazePath,10123,10125,2456,2458
StoneMazePath,10129,10131,2438,2440
StoneMazePath,10129,10131,2435,2437
StoneMazeEndChest,10123,10125,2450,2452
StoneMazeEndChest,10138,10140,2456,2458
StoneMazePath,10138,10140,2450,2452
StoneMazeSmall,10123,10146,2435,2458
UndergroundCrypt,10073,10101,2349,2363
ShrineSmallAir,10121,10129,2157,2165
