StonePlantMound2,3524,3536,9618,9631
DinosaurSkeleton,3516,3525,9601,9647
StonePlantMound,3189,3194,9715,9720
StatueTemple,3381,3452,9666,9768
StonePlantMound2,3140,3152,9656,9669
GiganticTree,3132,3201,9662,9740
StonePlantMound,3276,3281,9660,9665
AbandonedWoodTower,3253,3289,9663,9693
StonePlantBoulder,3313,3323,9682,9692
BrickHenge,3364,3380,9660,9676
StonePlantBoulder,3292,3302,9622,9632
MysticalTree,3216,3231,9620,9636
DinosaurSkeleton,3487,3496,9645,9691
StonePlantBoulder,3480,3490,9715,9725
StoneMazePath,3385,3387,9593,9595
StoneMazePath,3385,3387,9590,9592
StoneMazePath,3364,3366,9590,9592
StoneMazePath,3382,3384,9590,9592
StoneMazePath,3382,3384,9593,9595
StoneMazePath,3385,3387,9587,9589
StoneMazePath,3382,3384,9587,9589
StoneMazePath,3364,3366,9593,9595
StoneMazeLitRoom,3376,3381,9584,9589
StoneMazePath,3382,3384,9584,9586
StoneMazeEndChest,3376,3378,9581,9583
StoneMazePath,3373,3375,9587,9589
StoneMazePath,3379,3381,9593,9595
StoneMazePath,3373,3375,9590,9592
StoneMazePath,3379,3381,9581,9583
StoneMazePath,3382,3384,9596,9598
StoneMazePath,3376,3378,9590,9592
StoneMazePath,3382,3384,9581,9583
StoneMazePath,3379,3381,9596,9598
StoneMazePath,3379,3381,9590,9592
StoneMazePath,3376,3378,9596,9598
StoneMazePath,3376,3378,9593,9595
StoneMazePath,3370,3372,9587,9589
StoneMazePath,3385,3387,9584,9586
StoneMazePath,3373,3375,9584,9586
StoneMazePath,3385,3387,9596,9598
StoneMazeSpiderRoom,3379,3384,9599,9604
StoneMazeEndChest,3373,3375,9581,9583
StoneMazePath,3370,3372,9590,9592
StoneMazePath,3376,3378,9599,9601
StoneMazePath,3373,3375,9593,9595
StoneMazeEndChest,3385,3387,9581,9583
StoneMazePath,3373,3375,9596,9598
StoneMazePath,3376,3378,9602,9604
StoneMazeSpiderRoom,3367,3372,9596,9601
StoneMazeEndChest,3373,3375,9602,9604
StoneMazePath,3370,3372,9584,9586
StoneMazeEndChest,3373,3375,9599,9601
StoneMazePath,3370,3372,9581,9583
StoneMazePath,3367,3369,9593,9595
StoneMazePath,3367,3369,9590,9592
StoneMazePath,3367,3369,9587,9589
StoneMazePath,3367,3369,9581,9583
StoneMazePath,3364,3366,9587,9589
StoneMazePath,3364,3366,9584,9586
StoneMazePath,3367,3369,9584,9586
StoneMazeSmall,3364,3387,9581,9604
StonePlantMound2,3284,3296,9591,9604
StoneBoulder,3408,3417,9568,9577
StonePlantMound3,3446,3455,9564,9575
WoodWallRemains,3426,3454,9554,9562
StoneLeafMound,3486,3495,9540,9547
StoneLeafMound,3480,3487,9536,9545
