StonePlantMound3,4067,4076,2427,2438
ClayWaterMound1,4029,4040,2337,2347
RLCraft_SmallUndergroundSkeleton,4019,4027,2333,2341
StoneLeafMound,3828,3837,2346,2353
StonePlantMound4,3925,3932,2245,2252
RLCraft_DecentCaveSpider,3882,3882,2489,2489
RLCraft_UndergroundRuin3,3879,3887,2487,2495
StonePlantMound,3836,3841,2267,2272
StonePlantMound,3760,3765,2370,2375
StonePlantMound2,3771,3783,2218,2231
StonePlantMound2,3796,3808,2200,2213
RLCraft_DecentSkeleton,3709,3709,2359,2359
RLCraft_UndergroundRuin3,3706,3714,2357,2365
StonePlantMound1,3762,3768,2468,2474
RLCraft_BasicSpider,3754,3754,2208,2208
RLCraft_UndergroundRuin1,3751,3760,2205,2214
StoneLeafMound,3680,3689,2267,2274
StonePlantMound1,3956,3962,2473,2479
StoneMazePathBig,3971,3979,2464,2472
StoneMazePathBig,3980,3988,2464,2472
StoneMazePathBig,3980,3988,2455,2463
StoneMazePathBig,3971,3979,2455,2463
StoneMazePath,3974,3976,2452,2454
StoneMazePath,3977,3979,2479,2481
StoneMazePathBig,3974,3982,2482,2490
StoneMazePath,3968,3970,2458,2460
StoneMazePath,3977,3979,2491,2493
StoneMazePath,3974,3976,2479,2481
StoneMazeSpiderRoom,3965,3970,2452,2457
StoneMazePath,3980,3982,2479,2481
StoneMazePathBig,3965,3973,2476,2484
StoneMazePath,3965,3967,2458,2460
StoneMazePath,3983,3985,2479,2481
StoneMazePath,3986,3988,2479,2481
StoneMazePath,3971,3973,2452,2454
StoneMazePath,3968,3970,2461,2463
StoneMazeSpiderRoom,3968,3973,2485,2490
StoneMazePath,3968,3970,2464,2466
StoneMazePath,3983,3985,2452,2454
StoneMazePath,3980,3982,2452,2454
StoneMazePathBig,3983,3991,2482,2490
StoneMazePath,3962,3964,2479,2481
StoneMazeLitRoom,3956,3961,2479,2484
StoneMazeLitRoom,3956,3961,2485,2490
StoneMazePath,3977,3979,2494,2496
StoneMazePath,3959,3961,2476,2478
StoneMazeShootingRange,3959,3967,2470,2475
StoneMazePath,3962,3964,2476,2478
StoneMazePath,3956,3958,2476,2478
StoneMazePath,3980,3982,2494,2496
StoneMazePath,3977,3979,2497,2499
StoneMazePath,3980,3982,2497,2499
StoneMazePath,3953,3955,2485,2487
StoneMazePath,3965,3967,2464,2466
StoneMazePath,3989,3991,2458,2460
StoneMazePath,3980,3982,2491,2493
StoneMazePath,3989,3991,2455,2457
StoneMazePath,3965,3967,2461,2463
StoneMazePath,3974,3976,2494,2496
StoneMazePath,3956,3958,2473,2475
StoneMazePath,3953,3955,2479,2481
StoneMazePath,3962,3964,2464,2466
StoneMazePath,3959,3961,2467,2469
StoneMazePath,3977,3979,2452,2454
StoneMazePath,3956,3958,2491,2493
StoneMazePath,3953,3955,2491,2493
StoneMazePath,3956,3958,2494,2496
StoneMazePath,3953,3955,2494,2496
StoneMazeEndChest,3992,3994,2455,2457
StoneMazePath,3953,3955,2488,2490
StoneMazePath,3959,3961,2494,2496
StoneMazeShootingRange,3959,3964,2452,2460
StoneMazePath,3959,3961,2464,2466
StoneMazePath,3953,3955,2482,2484
StoneMazePath,3956,3958,2467,2469
StoneMazePath,3983,3985,2497,2499
StoneMazePath,3956,3958,2458,2460
StoneMazePath,3983,3985,2491,2493
StoneMazePath,3986,3988,2497,2499
StoneMazePath,3962,3964,2461,2463
StoneMazePath,3956,3958,2497,2499
StoneMazePath,3986,3988,2491,2493
StoneMazeEndChest,3953,3955,2467,2469
StoneMazePath,3959,3961,2491,2493
StoneMazePath,3968,3970,2467,2469
StoneMazePath,3968,3970,2470,2472
StoneMazePath,3983,3985,2494,2496
StoneMazePath,3962,3964,2467,2469
StoneMazePath,3962,3964,2485,2487
StoneMazePath,3956,3958,2470,2472
StoneMazePath,3965,3967,2467,2469
StoneMazePath,3974,3976,2491,2493
StoneMazePath,3992,3994,2458,2460
StoneMazePath,3962,3964,2491,2493
StoneMazePath,3965,3967,2485,2487
StoneMazePath,3968,3970,2473,2475
StoneMazePath,3953,3955,2458,2460
StoneMazePath,3971,3973,2473,2475
StoneMazePath,3959,3961,2461,2463
StoneMazePath,3962,3964,2488,2490
StoneMazePath,3989,3991,2461,2463
StoneMazePath,3959,3961,2497,2499
StoneMazePath,3962,3964,2482,2484
StoneMazePath,3956,3958,2461,2463
StoneMazePath,3962,3964,2494,2496
StoneMazeEndChest,3986,3988,2494,2496
StoneMazePath,3953,3955,2455,2457
StoneMazeEndChest,3953,3955,2461,2463
StoneMazePath,3989,3991,2464,2466
StoneMazePath,3953,3955,2473,2475
StoneMazePath,3992,3994,2461,2463
StoneMazePath,3965,3967,2491,2493
StoneMazePath,3992,3994,2464,2466
StoneMazeEndChest,3956,3958,2464,2466
StoneMazePath,3992,3994,2467,2469
StoneMazePath,3974,3976,2497,2499
StoneMazePath,3962,3964,2497,2499
StoneMazePath,3953,3955,2497,2499
StoneMazePath,3995,3997,2461,2463
StoneMazePath,3998,4000,2461,2463
StoneMazePath,3995,3997,2467,2469
StoneMazePath,3989,3991,2467,2469
StoneMazePath,3965,3967,2497,2499
StoneMazePath,3995,3997,2470,2472
StoneMazePath,3992,3994,2470,2472
StoneMazeEndChest,3965,3967,2494,2496
StoneMazePath,3971,3973,2491,2493
StoneMazePath,3965,3967,2488,2490
StoneMazeEndChest,3956,3958,2455,2457
StoneMazePath,3998,4000,2458,2460
StoneMazePath,3995,3997,2473,2475
StoneMazePath,3995,3997,2476,2478
StoneMazePath,3971,3973,2497,2499
StoneMazePath,3968,3970,2497,2499
StoneMazePath,3992,3994,2473,2475
StoneMazeEndChest,3953,3955,2476,2478
StoneMazeSpiderRoom,3995,4000,2452,2457
StoneMazePath,3992,3994,2476,2478
StoneMazePath,3995,3997,2464,2466
StoneMazePath,3998,4000,2473,2475
StoneMazePath,3989,3991,2473,2475
StoneMazePath,3986,3988,2473,2475
StoneMazePath,3986,3988,2476,2478
StoneMazePath,3953,3955,2470,2472
StoneMazePath,3968,3970,2491,2493
StoneMazeEndChest,3953,3955,2452,2454
StoneMazeEndChest,3968,3970,2494,2496
StoneMazePath,3998,4000,2470,2472
StoneMazeEndChest,3989,3991,2470,2472
StoneMazePath,3992,3994,2479,2481
StoneMazePath,3989,3991,2476,2478
StoneMazeEndChest,3995,3997,2458,2460
StoneMazeEndChest,3989,3991,2479,2481
StoneMazeEndChest,3998,4000,2467,2469
StoneMazePagoda,3953,4000,2452,2499
VillageChurch,3824,3836,2542,2568
StoneBoulder,3761,3770,2543,2552
