RLCraft_SmallUndergroundSkeleton,4250,4258,2548,2556
StoneLeafMound,4229,4236,2542,2551
WoodThornBig,4235,4248,2517,2530
MysticalTree1,4326,4337,2527,2540
P_WizardTower,4449,4479,2484,2514
StoneMazePathBig,4454,4462,2094,2102
StoneMazeShootingRange,4484,4492,2115,2120
StoneMazePathBig,4481,4489,2106,2114
StoneMazePathBig,4493,4501,2097,2105
StoneMazePath,4478,4480,2109,2111
StoneMazeSpiderRoom,4487,4492,2100,2105
StoneMazePath,4457,4459,2103,2105
StoneMazePath,4496,4498,2106,2108
StoneMazePath,4463,4465,2097,2099
StoneMazePath,4475,4477,2109,2111
StoneMazeSpiderRoom,4490,4495,2106,2111
StoneMazePath,4499,4501,2106,2108
StoneMazePathBig,4493,4501,2088,2096
StoneMazePath,4478,4480,2112,2114
StoneMazePathBig,4469,4477,2073,2081
StoneMazePath,4463,4465,2094,2096
StoneMazePath,4478,4480,2115,2117
StoneMazePath,4466,4468,2097,2099
StoneMazePath,4457,4459,2091,2093
StoneMazeEndChest,4454,4456,2091,2093
StoneMazePath,4478,4480,2076,2078
StoneMazePath,4460,4462,2091,2093
StoneMazePath,4496,4498,2085,2087
StoneMazePath,4481,4483,2076,2078
StoneMazePath,4478,4480,2118,2120
StoneMazePath,4466,4468,2094,2096
StoneMazePath,4463,4465,2100,2102
StoneMazePath,4463,4465,2103,2105
StoneMazeStudy,4484,4498,2073,2081
StoneMazePathBig,4472,4480,2100,2108
StoneMazePath,4490,4492,2079,2081
StoneMazePath,4499,4501,2085,2087
StoneMazePath,4466,4468,2103,2105
StoneMazePath,4463,4465,2091,2093
StoneMazePath,4460,4462,2103,2105
StoneMazePath,4469,4471,2103,2105
StoneMazePath,4466,4468,2091,2093
StoneMazeShootingRange,4454,4462,2106,2111
StoneMazeEndChest,4469,4471,2100,2102
StoneMazePath,4469,4471,2091,2093
StoneMazePath,4469,4471,2094,2096
StoneMazePath,4472,4474,2094,2096
StoneMazePath,4463,4465,2106,2108
StoneMazePath,4472,4474,2097,2099
StoneMazePath,4490,4492,2082,2084
StoneMazePath,4469,4471,2088,2090
StoneMazePath,4490,4492,2085,2087
StoneMazeEndChest,4481,4483,2073,2075
StoneMazePath,4466,4468,2088,2090
StoneMazePath,4493,4495,2085,2087
StoneMazePath,4469,4471,2097,2099
StoneMazePath,4463,4465,2088,2090
StoneMazeSpiderRoom,4463,4468,2109,2114
StoneMazePath,4469,4471,2085,2087
StoneMazePath,4475,4477,2097,2099
StoneMazePath,4472,4474,2091,2093
StoneMazePath,4499,4501,2082,2084
StoneMazePath,4490,4492,2088,2090
StoneMazeShootingRange,4484,4492,2091,2096
StoneMazePath,4460,4462,2112,2114
StoneMazePath,4481,4483,2118,2120
StoneMazePath,4472,4474,2088,2090
StoneMazePath,4487,4489,2085,2087
StoneMazePath,4496,4498,2082,2084
StoneMazeEndChest,4484,4486,2085,2087
StoneMazePath,4487,4489,2082,2084
StoneMazePath,4472,4474,2085,2087
StoneMazePath,4457,4459,2112,2114
StoneMazePath,4466,4468,2085,2087
StoneMazePath,4481,4483,2079,2081
StoneMazePath,4493,4495,2082,2084
StoneMazePath,4475,4477,2094,2096
StoneMazeEndChest,4490,4492,2097,2099
StoneMazePath,4499,4501,2079,2081
StoneMazePath,4472,4474,2082,2084
StoneMazePath,4478,4480,2094,2096
StoneMazePath,4481,4483,2115,2117
StoneMazePath,4478,4480,2097,2099
StoneMazePath,4484,4486,2082,2084
StoneMazePath,4499,4501,2076,2078
StoneMazePath,4475,4477,2085,2087
StoneMazePath,4475,4477,2082,2084
StoneMazePath,4499,4501,2109,2111
StoneMazePath,4481,4483,2082,2084
StoneMazePath,4475,4477,2088,2090
StoneMazePath,4499,4501,2073,2075
StoneMazePath,4487,4489,2088,2090
StoneMazePath,4454,4456,2112,2114
StoneMazePath,4496,4498,2109,2111
StoneMazeSpiderRoom,4454,4459,2115,2120
StoneMazePath,4475,4477,2091,2093
StoneMazePath,4478,4480,2091,2093
StoneMazeEndChest,4469,4471,2082,2084
StoneMazePath,4481,4483,2091,2093
StoneMazePath,4481,4483,2094,2096
StoneMazePath,4496,4498,2112,2114
StoneMazePath,4484,4486,2088,2090
StoneMazePath,4481,4483,2088,2090
StoneMazePath,4481,4483,2097,2099
StoneMazeSpiderRoom,4496,4501,2115,2120
StoneMazePath,4484,4486,2097,2099
StoneMazeEndChest,4481,4483,2085,2087
StoneMazePath,4481,4483,2100,2102
StoneMazePath,4481,4483,2103,2105
StoneMazeEndChest,4484,4486,2103,2105
StoneMazeBig,4454,4501,2073,2120
MonolythHoly,4517,4531,2200,2214
StoneLeafMound,4147,4154,2510,2519
StonePlantMound4,4131,4138,2513,2520
StonePlantMound3,4195,4206,2472,2481
SmallAbandonedMine,4214,4229,2454,2479
StonePlantMound2,4251,4264,2441,2453
ElvenPond,4392,4422,2417,2446
StonePlantBoulder,4147,4157,2430,2440
RLCraft_UndergroundFarm,4236,4278,2402,2445
StoneLeafMound,4198,4207,2421,2428
RLCraft_DecentCaveSpider,4328,4328,2437,2437
RLCraft_UndergroundRuin2,4323,4330,2432,2442
