ShrineSmallAir,4542,4550,9373,9381
MesoMazeStairTurn,4496,4501,9485,9490
MesoMazeStairTurn,4496,4501,9479,9484
MesoMazeStairCorridor,4490,4495,9488,9490
MesoMazeStairTurn,4490,4495,9479,9484
MesoMazePath,4490,4492,9485,9487
MesoMazePath,4499,4501,9497,9499
MesoMazePath,4487,4489,9485,9487
MesoMazeSpiderTurn,4502,4507,9497,9502
MesoMazeCorridorCollapse,4502,4504,9491,9496
MesoMazeStairCorridor,4487,4489,9479,9484
MesoMazeSpiderTurn,4484,4489,9488,9493
MesoMazeCorridorCollapse,4487,4489,9494,9499
MesoMazePath,4493,4495,9485,9487
MesoMazeStorage,4502,4507,9485,9490
MesoMazePath,4505,4507,9491,9493
MesoMazeStairCorridor,4484,4486,9494,9499
MesoMazeGrowth,4502,4507,9479,9484
MesoMazeStairCorridor,4493,4498,9497,9499
MesoMazeZombieTable,4502,4507,9485,9490
MesoMazeGrowth,4487,4492,9500,9505
MesoMazePath,4505,4507,9494,9496
MesoMazeStairCorridor,4487,4489,9473,9478
MesoMazePath,4499,4501,9500,9502
MesoMazeStairCorridor,4490,4495,9491,9493
MesoMazePath,4496,4498,9491,9493
MesoMazeGrowth,4484,4489,9488,9493
MesoMazeSpiderTurn,4493,4498,9500,9505
MesoMazePath,4487,4489,9470,9472
MesoMazeSpiderTurn,4490,4495,9506,9511
MesoMazePath,4484,4486,9485,9487
MesoMazeStairCorridor,4508,4513,9479,9481
MesoMazeStairTurn,4514,4519,9476,9481
MesoMazePath,4496,4498,9506,9508
MesoMazeStairTurn,4493,4498,9473,9478
MesoMazePath,4496,4498,9509,9511
MesoMazePath,4496,4498,9470,9472
MesoMazeZombieTable,4499,4504,9503,9508
MesoMazeStairCorridor,4481,4486,9470,9472
MesoMazeSpiderTurn,4475,4480,9470,9475
MesoMazePath,4490,4492,9503,9505
MesoMazePath,4505,4507,9491,9493
MesoMazeZombieTable,4505,4510,9494,9499
MesoMazePath,4496,4498,9494,9496
MesoMazeZombieTable,4490,4495,9506,9511
MesoMazePath,4490,4492,9497,9499
MesoMazePath,4487,4489,9503,9505
MesoMazePath,4508,4510,9494,9496
MesoMazePath,4514,4516,9482,9484
MesoMazePath,4508,4510,9488,9490
MesoMazePath,4511,4513,9488,9490
MesoMazePath,4508,4510,9491,9493
MesoMazePath,4490,4492,9500,9502
MesoMazePath,4490,4492,9494,9496
MesoMazeStairCorridor,4508,4513,9482,9484
MesoMazeStorage,4511,4516,9494,9499
MesoMazeStorage,4481,4486,9503,9508
MesoMazePath,4484,4486,9500,9502
MesoMazePath,4487,4489,9500,9502
MesoMazeSpiderTurn,4475,4480,9476,9481
MesoMazePath,4487,4489,9506,9508
MesoMazeZombieTable,4493,4498,9500,9505
MesoMazePath,4481,4483,9500,9502
MesoMazeStairCorridor,4514,4516,9500,9505
MesoMazeZombieTable,4481,4486,9473,9478
MesoMazeSpiderTurn,4496,4501,9506,9511
MesoMazePath,4502,4504,9509,9511
MesoMazePath,4499,4501,9503,9505
MesoMazePath,4508,4510,9497,9499
MesoMazeZombieTable,4517,4522,9482,9487
MesoMazePath,4505,4507,9482,9484
MesoMazePath,4502,4504,9506,9508
MesoMazePath,4508,4510,9485,9487
MesoMazePath,4502,4504,9482,9484
MesoMazeGrowth,4502,4507,9476,9481
MesoMazePath,4490,4492,9476,9478
MesoMazePath,4490,4492,9473,9475
MesoMazePath,4514,4516,9485,9487
MesoMazeZombieTable,4508,4513,9500,9505
MesoMazePath,4481,4483,9479,9481
MesoMazeStorage,4475,4480,9497,9502
MesoMazeStorage,4481,4486,9500,9505
MesoMazePath,4478,4480,9494,9496
MesoMazeSpiderTurn,4511,4516,9488,9493
MesoMazeGrowth,4499,4504,9497,9502
MesoMazePath,4481,4483,9494,9496
MesoMazePath,4484,4486,9479,9481
MesoMazeGrowth,4514,4519,9488,9493
MesoMazeStairCorridor,4481,4483,9488,9493
MesoMazePath,4505,4507,9506,9508
MesoMazeStairCorridor,4481,4483,9482,9487
MesoMazePath,4502,4504,9503,9505
MesoMazeStairTurn,4514,4519,9470,9475
MesoMazeSpiderTurn,4505,4510,9509,9514
MesoMazeStairCorridor,4499,4504,9470,9472
MesoMazeStairCorridor,4475,4477,9491,9496
MesoMazePath,4490,4492,9470,9472
MesoMazePath,4505,4507,9503,9505
MesoMazePath,4520,4522,9491,9493
MesoMazePath,4493,4495,9470,9472
MesoMazePath,4493,4495,9494,9496
MesoMazePath,4484,4486,9482,9484
MesoMazeStairCorridor,4475,4477,9485,9490
MesoMazePath,4514,4516,9506,9508
MesoMazeStairCorridor,4478,4480,9488,9493
MesoMazeStairCorridor,4508,4513,9470,9472
MesoMazePath,4478,4480,9503,9505
MesoMazeStairTurn,4517,4522,9503,9508
MesoMazePath,4502,4504,9512,9514
MesoMazePath,4505,4507,9470,9472
MesoMazePath,4502,4504,9515,9517
MesoMazePath,4520,4522,9500,9502
MesoMazePath,4481,4483,9497,9499
MesoMazePath,4478,4480,9485,9487
MesoMazePath,4511,4513,9485,9487
MesoMazePath,4505,4507,9473,9475
MesoMazePath,4520,4522,9488,9490
MesoMazePath,4484,4486,9485,9487
MesoMazePath,4475,4477,9482,9484
MesoMazePath,4478,4480,9500,9502
MesoMazePath,4499,4501,9491,9493
MesoMazePath,4505,4507,9473,9475
MesoMazePath,4517,4519,9491,9493
MesoMazePath,4499,4501,9494,9496
MesoMazeCorridorCollapse,4478,4480,9506,9511
MesoMazePath,4508,4510,9506,9508
MesoMazePath,4508,4510,9473,9475
MesoMazePath,4505,4507,9500,9502
MesoMazePath,4481,4483,9497,9499
MesoMazePath,4517,4519,9488,9490
MesoMazePath,4487,4489,9485,9487
MesoMazeZombieTable,4508,4513,9500,9505
MesoMazeStorage,4478,4483,9512,9517
MesoMazeStairCorridor,4505,4510,9515,9517
MesoMazePath,4520,4522,9473,9475
MesoMazePath,4508,4510,9485,9487
MesoMazePath,4478,4480,9503,9505
MesoMazePath,4475,4477,9500,9502
MesoMazePath,4478,4480,9497,9499
MesoMazePath,4505,4507,9470,9472
MesoMazeStairCorridor,4496,4501,9512,9514
MesoMazeStairCorridor,4484,4489,9515,9517
MesoMazeCorridorCollapse,4484,4489,9512,9514
MesoMazePath,4490,4492,9485,9487
MesoMazeStorage,4517,4522,9494,9499
MesoMazePath,4478,4480,9512,9514
MesoMazePath,4481,4483,9494,9496
MesoMazePath,4490,4492,9512,9514
MesoMazeGrowth,4514,4519,9509,9514
MesoMazePath,4502,4504,9473,9475
MesoMazePath,4517,4519,9500,9502
MesoMazePath,4481,4483,9509,9511
MesoMazePath,4493,4495,9512,9514
MesoMazePath,4499,4501,9473,9475
MesoMazePath,4511,4513,9515,9517
MesoMazeStairCorridor,4511,4513,9509,9514
MesoMazePath,4514,4516,9515,9517
MesoMazeStairCorridor,4520,4522,9476,9481
MesoMazePath,4478,4480,9515,9517
MesoMazePath,4493,4495,9485,9487
MesoMazeGrowth,4490,4495,9512,9517
MesoMazePath,4499,4501,9476,9478
MesoMazePath,4496,4498,9515,9517
MesoMazePath,4520,4522,9482,9484
MesoMazePath,4481,4483,9512,9514
MesoMazePath,4499,4501,9515,9517
MesoMazePath,4481,4483,9509,9511
MesoMazePath,4475,4477,9497,9499
MesoMazePath,4481,4483,9506,9508
MesoMazePath,4502,4504,9473,9475
MesoMazePath,4514,4516,9494,9496
MesoMazePath,4511,4513,9506,9508
MesoMazePath,4484,4486,9509,9511
MesoMazePath,4511,4513,9494,9496
MesoMazePath,4478,4480,9494,9496
MesoMazePath,4508,4510,9488,9490
MesoMazePath,4520,4522,9485,9487
MesoMazePath,4514,4516,9497,9499
MesoMazePath,4481,4483,9515,9517
MesoMazePath,4520,4522,9488,9490
MesoMazePath,4487,4489,9509,9511
MesoMazePath,4487,4489,9506,9508
MesoMazePath,4517,4519,9515,9517
MesoMazePath,4511,4513,9497,9499
MesoMazePath,4520,4522,9515,9517
MesoMazePath,4490,4492,9515,9517
MesoMazePath,4493,4495,9515,9517
MesoMazePath,4475,4477,9512,9514
MesoMazePath,4511,4513,9491,9493
MesoMazePath,4499,4501,9473,9475
MesoMazePath,4499,4501,9476,9478
MesoMazePath,4502,4504,9476,9478
MesoMazePath,4520,4522,9512,9514
MesoMazePath,4520,4522,9509,9511
MesoMazePagoda,4475,4522,9470,9517
ShrineSmallAir,4346,4354,9465,9473
ShrineSmallFire,4352,4362,9276,9286
JokerTower,4580,4588,9435,9443
StonePlantBoulder,4566,4576,9481,9491
StonePlantBoulder,4559,4569,9532,9542
ShrineSmallFire,4329,4339,9546,9556
StonePlantMound4,4577,4584,9551,9558
P_SmallShip,4363,4369,9573,9593
RLCraft_SmallUndergroundSkeleton,4567,4575,9582,9590
RLCraft_DecentSkeleton,4234,4234,9380,9380
RLCraft_UndergroundRuin2,4232,4239,9375,9385
RLCraft_DecentCaveSpider,4233,4233,9507,9507
RLCraft_UndergroundRuin2,4228,4238,9502,9509
RLCraft_BasicWitch,4528,4528,9683,9683
RLCraft_UndergroundRuin1,4525,4534,9677,9686
ShrineSmallAir,4211,4219,9665,9673
ShrineSmallWater,4187,4195,9615,9623
ShrineSmallAir,4218,4226,9717,9725
