StonePlantMound1,4212,4218,8918,8924
RLCraft_BasicWitch,4179,4179,9049,9049
RLCraft_UndergroundRuin1,4176,4185,9046,9055
StoneMazePath,4336,4338,9040,9042
StoneMazeFountain,4351,4359,9040,9048
StoneMazePath,4348,4350,9043,9045
StoneMazePath,4345,4347,9043,9045
StoneMazePathBig,4351,4359,9031,9039
StoneMazePath,4339,4341,9040,9042
StoneMazePath,4342,4344,9043,9045
StoneMazePathBig,4339,4347,9046,9054
StoneMazePath,4339,4341,9043,9045
StoneMazePath,4342,4344,9040,9042
StoneMazePath,4336,4338,9049,9051
StoneMazePath,4345,4347,9040,9042
StoneMazeEndChest,4336,4338,9052,9054
StoneMazePath,4348,4350,9040,9042
StoneMazePath,4348,4350,9037,9039
StoneMazePath,4348,4350,9049,9051
StoneMazePath,4348,4350,9034,9036
StoneMazePath,4336,4338,9043,9045
StoneMazePath,4345,4347,9037,9039
StoneMazeSpiderRoom,4342,4347,9031,9036
StoneMazePath,4336,4338,9046,9048
StoneMazeEndChest,4348,4350,9052,9054
StoneMazeSmall,4336,4359,9031,9054
P_IslandCity,3950,4256,8976,9310
StonePlantMound1,4177,4183,8778,8784
DesertWatchtower,4116,4126,8784,8794
